400	0.482000000000000
401	0.487795145178260
402	0.493000000000000
403	0.498000000000000
404	0.502939705666214
405	0.507000000000000
406	0.511000000000000
407	0.515000000000000
408	0.519000000000000
409	0.522000000000000
410	0.525000000000000
411	0.528000000000000
412	0.530000000000000
413	0.532000000000000
414	0.534000000000000
415	0.536000000000000
416	0.538000000000000
417	0.539000000000000
418	0.540000000000000
419	0.541000000000000
420	0.542000000000000
421	0.542000000000000
422	0.542000000000000
423	0.541144852652401
424	0.541000000000000
425	0.540000000000000
426	0.539000000000000
427	0.537000000000000
428	0.535000000000000
429	0.533855514782948
430	0.531000000000000
431	0.528759191304913
432	0.525711029565896
433	0.522000000000000
434	0.518000000000000
435	0.513000000000000
436	0.507518205581527
437	0.501470026139679
438	0.494421691188429
439	0.486373529507433
440	0.477325367826436
441	0.467277206145439
442	0.457229044464442
443	0.445180881796650
444	0.433132720057633
445	0.420084558318616
446	0.407036396579598
447	0.392988230516057
448	0.378939705666214
449	0.364891543927197
450	0.350843382188180
451	0.337590440898325
452	0.323747058710146
453	0.311698896971128
454	0.300650735232111
455	0.290602573493093
456	0.282000000000000
457	0.274000000000000
458	0.268000000000000
459	0.263000000000000
460	0.259000000000000
461	0.256000000000000
462	0.254000000000000
463	0.252000000000000
464	0.251000000000000
465	0.251000000000000
466	0.250000000000000
467	0.250024265160304
468	0.250976094666855
469	0.251000000000000
470	0.251000000000000
471	0.251000000000000
472	0.251000000000000
473	0.251000000000000
474	0.251000000000000
475	0.251000000000000
476	0.251000000000000
477	0.251000000000000
478	0.251000000000000
479	0.251000000000000
480	0.251000000000000
481	0.251000000000000
482	0.251000000000000
483	0.250000000000000
484	0.250000000000000
485	0.250000000000000
486	0.249000000000000
487	0.249000000000000
488	0.248000000000000
489	0.247000000000000
490	0.246000000000000
491	0.244867647377716
492	0.243000000000000
493	0.240771239845114
494	0.238000000000000
495	0.235000000000000
496	0.232000000000000
497	0.228578308811571
498	0.224000000000000
499	0.219481984825522
500	0.214000000000000
501	0.208385661347488
502	0.202337499608471
503	0.195289337869453
504	0.188241176130436
505	0.181192717767389
506	0.173144538325542
507	0.165096358883695
508	0.157048179441847
509	0.148000000000000
510	0.139000000000000
511	0.130000000000000
512	0.121855461674458
513	0.112807353043931
514	0.103758823869564
515	0.0951977206961275
516	0.0869300003132238
517	0.0789302942615033
518	0.0712397061480968
519	0.0640591913049134
520	0.0572349267177303
521	0.0509532354790757
522	0.0451867647537161
523	0.0398626194893830
524	0.0351108824581757
525	0.0306915378188643
526	0.0269542645389950
527	0.0236264705244568
528	0.0206169116637232
529	0.0181036029144250
530	0.0158976469709511
531	0.0139000000000000
532	0.0123783822725093
533	0.0109843382188180
534	0.00978363500460537
535	0.00888699998072462
536	0.00799794118143114
537	0.00740349264767889
538	0.00694430884808423
539	0.00643989705786690
540	0.00621505882579709
541	0.00601290441380206
542	0.00582133086288275
543	0.00579829411211957
544	0.00570505884989120
545	0.00568734558680028
546	0.00584566175708789
547	0.00588494479594149
548	0.00606638233997286
549	0.00620072111367903
550	0.00639902939358786
551	0.00660951469679393
552	0.00677000000000000
553	0.00695241177335143
554	0.00719010296610325
555	0.00733301472873633
556	0.00756384110056085
557	0.00784373528752720
558	0.00798722590865470
559	0.00822457354610050
560	0.00843083823447918
561	0.00849517647739127
562	0.00862326470524460
563	0.00867000000000000
564	0.00869952205696332
565	0.00879000000000000
566	0.00888276471608697
567	0.00881769118082876
568	0.00874156617811820
569	0.00861000000000000
570	0.00839517645329715
571	0.00826058869058237
572	0.00804036029144250
573	0.00793253674955848
574	0.00770529410489135
575	0.00745095591016750
576	0.00711313971699046
577	0.00678168381563682
578	0.00645000000000000
579	0.00616000000000000
580	0.00585313466358516
581	0.00545771319080854
582	0.00506554083525926
583	0.00469735292346021
584	0.00426155881736415
585	0.00399312501957649
586	0.00373155881736414
587	0.00332688232913050
588	0.00308422059131791
589	0.00268724263262008
590	0.00243325735653761
591	0.00218902941651267
592	0.00193000000000000
593	0.00166808682191477
594	0.00151036765219658
595	0.00124289705304803
596	0.00109192646956070
597	0.000997941193478212
598	0.000718000000000000
599	0.000734825016444248
600	0.000592029426150327
601	0.000431852953577853
602	0.000443113965193635
603	0.000324804464158830
604	0.000248620324859203
605	0.000349941180297285
606	0.000167310515065706
607	0.000147564701672971
608	0.000220740449692689
609	0.000100457191251897
610	0.000176779426752661
611	0.000210481590886647
612	7.11054426210514e-05
613	0.000196270598340625
614	0.000258970566621431
615	0.000131277906079553
616	0.000294469853435459
617	0.000172363500460538
618	0.000137694125130444
619	0.000297985295357786
620	0.000217819847050519
621	0.000297276460766309
622	0.000292570587342439
623	0.000195976469681164
624	0.000219688231708373
625	0.000322201482270349
626	0.000227341177576086
627	0.000357349988796241
628	0.000321774858101824
629	0.000299503656282911
630	0.000376077285681919
631	0.000371197027267289
632	0.000303847067384030
633	0.000457180112977232
634	0.000298636022595446
635	0.000303376393543730
636	0.000475247034616002
637	0.000356010296610325
638	0.000378470594329687
639	0.000401430438546148
640	0.000339395625471315
641	0.000384503317789227
642	0.000434303667848076
643	0.000480227944843709
644	0.000467788227130475
645	0.000356305882097840
646	0.000399574278561814
647	0.000468654415609135
648	0.000463198537968720
649	0.000562629407115937
650	0.000525590438488933
651	0.000347481623413692
652	0.000513375257393890
653	0.000523116158963359
654	0.000452529047534109
655	0.000616224990904491
656	0.000482996359378265
657	0.000427073509959313
658	0.000539436754136351
659	0.000452310308187920
660	0.000482572811744436
661	0.000555575012227753
662	0.000407073532760124
663	0.000445880798151099
664	0.000490977181662428
665	0.000362022087080960
666	0.000515279460484421
667	0.000446026462573389
668	0.000372862512920481
669	0.000526000000000000
670	0.000365629368565341
671	0.000342605885230054
672	0.000491790471497823
673	0.000276852939121368
674	0.000278688217251840
675	0.000290000000000000
676	0.000282083333333333
677	0.000274166666666667
678	0.000266250000000000
679	0.000258333333333333
680	0.000250416666666667
681	0.000242500000000000
682	0.000234583333333333
683	0.000226666666666667
684	0.000218750000000000
685	0.000210833333333333
686	0.000202916666666667
687	0.000195000000000000
688	0.000187083333333333
689	0.000179166666666667
690	0.000171250000000000
691	0.000163333333333333
692	0.000155416666666667
693	0.000147500000000000
694	0.000139583333333333
695	0.000131666666666667
696	0.000123750000000000
697	0.000115833333333333
698	0.000107916666666667
699	0.000100000000000000
700	0.000100000000000000
701	0.000100000000000000
702	0.000100000000000000
703	0.000100000000000000
704	0.000100000000000000
705	0.000100000000000000
706	0.000100000000000000
707	0.000100000000000000
708	0.000100000000000000
709	0.000100000000000000
710	0.000100000000000000
711	0.000100000000000000
712	0.000100000000000000
713	0.000100000000000000
714	0.000100000000000000
715	0.000100000000000000
716	0.000100000000000000
717	0.000100000000000000
718	0.000100000000000000
719	0.000100000000000000
720	0.000100000000000000
721	0.000100000000000000
722	0.000100000000000000
723	0.000100000000000000
724	0.000100000000000000
725	0.000100000000000000
726	0.000100000000000000
727	0.000100000000000000
728	0.000100000000000000
729	0.000100000000000000
730	0.000100000000000000
731	0.000100000000000000
732	0.000100000000000000
733	0.000100000000000000
734	0.000100000000000000
735	0.000100000000000000
736	0.000100000000000000
737	0.000100000000000000
738	0.000100000000000000
739	0.000100000000000000
740	0.000100000000000000
741	0.000100000000000000
742	0.000100000000000000
743	0.000100000000000000
744	0.000100000000000000
745	0.000100000000000000
746	0.000100000000000000
747	0.000100000000000000
748	0.000100000000000000
749	0.000100000000000000
750	0.000100000000000000
751	0.000100000000000000
752	0.000100000000000000
753	0.000100000000000000
754	0.000100000000000000
755	0.000100000000000000
756	0.000100000000000000
757	0.000100000000000000
758	0.000100000000000000
759	0.000100000000000000
760	0.000100000000000000
761	0.000100000000000000
762	0.000100000000000000
763	0.000100000000000000
764	0.000100000000000000
765	0.000100000000000000
766	0.000100000000000000
767	0.000100000000000000
768	0.000100000000000000
769	0.000100000000000000
770	0.000100000000000000
771	0.000100000000000000
772	0.000100000000000000
773	0.000100000000000000
774	0.000100000000000000
775	0.000100000000000000
776	0.000100000000000000
777	0.000100000000000000
778	0.000100000000000000
779	0.000100000000000000
780	0.000100000000000000
781	0.000100000000000000
782	0.000100000000000000
783	0.000100000000000000
784	0.000100000000000000
785	0.000100000000000000
786	0.000100000000000000
787	0.000100000000000000
788	0.000100000000000000
789	0.000100000000000000
790	0.000100000000000000
791	0.000100000000000000
792	0.000100000000000000
793	0.000100000000000000
794	0.000100000000000000
795	0.000100000000000000
796	0.000100000000000000
797	0.000100000000000000
798	0.000100000000000000
799	0.000100000000000000
800	0.000100000000000000